120
rusty mail leggings;10;2
electric piano;110;1500
battery-powered skateboard;4;100
boxing gloves;1;50
diamond-studded boxing gloves;1;2500
grand piano;120;2499
 0  0  0  0  0  0  0  0  0  0  0  0  0  0  0  0  0  0  0  0  0  0  0  0  0  0  0  0  0  0  0  0  0  0  0  0  0  0  0  0  0  0  0  0  0  0  0  0  0  0  0  0  0  0  0  0  0  0  0  0  0  0  0  0  0  0  0  0  0  0  0  0  0  0  0  0  0  0  0  0  0  0  0  0  0  0  0  0  0  0  0  0  0  0  0  0  0  0  0  0  0  0  0  0  0  0  0  0  0  0  0  0  0  0  0  0  0  0  0  0  0 
 0  3801155  0  50331651  1  100664832  32  6484436  1  0  65564  0  0  0  0  0  0  0  0  0  0  0  0  0  0  0  0  0  0  0  0  0  0  0  0  0  0  0  0  0  0  0  0  0  0  0  0  0  0  0  0  0  0  0  0  0  0  0  0  0  0  0  0  0  0  0  0  0  0  0  0  0  0  0  0  0  0  0  0  0  0  0  0  0  0  0  0  0  0  0  0  0  0  0  0  0  0  0  0  0  0  0  0  0  0  0  0  0  0  0  0  0  0  0  0  0  0  0  0  0  0 
 0  0  0  0  0  0  0  0  0  0  0  0  2  2  2  2  2  2  2  2  2  2  2  2  2  2  2  2  2  2  2  2  2  2  2  2  2  2  2  2  2  2  2  2  2  2  2  2  2  2  2  2  2  2  2  2  2  2  2  2  2  2  2  2  2  2  2  2  2  2  2  2  2  2  2  2  2  2  2  2  2  2  2  2  2  2  2  2  2  2  2  2  2  2  2  2  2  2  2  2  2  2  2  2  2  2  2  2  2  2  2  2  3801157  2  50331653  3  100664834  34  6484438  3  2 
 2  65566  2  512  0  0  0  0  0  0  0  0  0  0  0  0  0  0  0  0  0  0  0  0  0  0  0  0  0  0  0  0  0  0  0  0  0  0  0  0  0  0  0  0  0  0  0  0  0  0  0  0  0  0  0  0  0  0  0  0  0  0  0  0  0  0  0  0  0  0  0  0  0  0  0  0  0  0  0  0  0  0  0  0  0  0  0  0  0  0  0  0  0  0  0  0  0  0  0  0  0  0  0  0  0  0  0  0  0  0  0  0  0  3801157  1502  50331653  1502  100664834  1502  50333153  1503 
 1503  100666334  65566  6485938  0  0  0  0  100  100  100  100  100  100  100  100  100  100  100  100  100  100  100  100  100  100  100  100  100  100  100  100  100  100  100  100  100  100  100  100  100  100  100  100  100  100  100  100  100  100  100  100  100  100  100  100  100  100  100  100  100  100  100  100  100  100  100  100  100  100  100  100  100  100  100  100  100  100  100  100  100  100  100  100  100  100  100  100  100  100  100  100  100  100  100  100  100  100  100  100  100  100  100  100  100  100  100  100  100  100  100  100  100  100  3801157  3801257  50331653  50331753  100664834  100664934  50333153 
 50333153  50333253  100666334  100666434  6485938  0  50  50  50  100  150  150  150  150  150  150  150  150  150  150  150  150  150  150  150  150  150  150  150  150  150  150  150  150  150  150  150  150  150  150  150  150  150  150  150  150  150  150  150  150  150  150  150  150  150  150  150  150  150  150  150  150  150  150  150  150  150  150  150  150  150  150  150  150  150  150  150  150  150  150  150  150  150  150  150  150  150  150  150  150  150  150  150  150  150  150  150  150  150  150  150  150  150  150  150  150  150  150  150  150  150  150  150  150  150  3801157  3801257  50331653  50331753  100664834  100664934 
 100664934  100664984  50333253  100666334  100666434  100666484  364  2500  2500  2600  2600  2600  2600  2600  2600  2600  2600  2600  2600  2600  2600  2600  2600  2600  2600  2600  2600  2600  2600  2600  2600  2600  2600  2600  2600  2600  2600  2600  2600  2600  2600  2600  2600  2600  2600  2600  2600  2600  2600  2600  2600  2600  2600  2600  2600  2600  2600  2600  2600  2600  2600  2600  2600  2600  2600  2600  2600  2600  2600  2600  2600  2600  2600  2600  2600  2600  2600  2600  2600  2600  2600  2600  2600  2600  2600  2600  2600  2600  2600  2600  2600  2600  2600  2600  2600  2600  2600  2600  2600  2600  2600  2600  2600  2600  2600  2600  2600  2600  2600  2600  2600  2600  2600  2600  2600  3803657  3803757  50334153  50334253  100667334  100667434 
Total Time 0 microseconds